Country	1950	1951	1952	1953
China	554419	569909	582576	593366
India	376325	382377	388799	395544
United States of America	158804	160872	163266	165910
Indonesia	69543	70849	72275	73821
Pakistan	37542	37993	38517	39109
Brazil	53975	55606	57284	58999
Nigeria	37860	38424	39035	39686
Bangladesh	37895	38706	39490	40292
Russian Federation	102799	104305	105967	107727
Mexico	27945	28750	29590	30469
Japan	82802	84316	85659	86870
Ethiopia	18128	18467	18820	19184
Philippines	18580	19247	19945	20670
Egypt	20452	20949	21474	22028
Viet Nam	24810	25365	25977	26646
Democratic Republic of the Congo	12184	12429	12681	12944
Turkey	21408	21951	22509	23082
Iran (Islamic Republic of)	17119	17517	17934	18369
Germany	69966	70300	70620	70930
Thailand	20710	21263	21838	22437
United Kingdom	50616	50602	50651	50751
France	41834	42031	42316	42655
Italy	46599	47010	47391	47737
United Republic of Tanzania	7650	7845	8051	8267
South Africa	13628	13922	14226	14542
Myanmar	17780	18104	18441	18793
Kenya	6077	6242	6416	6598
Republic of Korea	19211	19453	19818	20293
Colombia	11982	12296	12634	12994
Spain	28070	28220	28399	28600
Uganda	5158	5308	5453	5596
Argentina	17038	17390	17743	18094
Algeria	8872	9023	9186	9364
Sudan	5734	5885	6041	6204
Ukraine	37298	37816	38360	38916
Iraq	5719	5902	6065	6216
Afghanistan	7752	7840	7936	8040
Poland	24824	25283	25764	26260
Canada	13733	14078	14445	14835
Morocco	8986	9243	9529	9837
Saudi Arabia	3121	3199	3284	3373
Uzbekistan	6264	6470	6668	6865
Peru	7777	7976	8185	8401
Angola	4548	4617	4713	4823
Malaysia	6110	6271	6450	6639
Mozambique	5959	6059	6165	6275
Ghana	5036	5140	5269	5413
Yemen	4661	4717	4776	4838
Nepal	8483	8664	8835	8999
Venezuela (Bolivarian Republic of)	5482	5727	5974	6226
Madagascar	4084	4168	4257	4349
Cameroon	4307	4384	4462	4542
Côte d'Ivoire	2630	2691	2761	2838
Dem. People's Republic of Korea	10549	10249	10049	9957
Australia	8177	8398	8595	8782
Niger	2560	2638	2717	2796
 Taiwan Province of China	7602	7931	8251	8565
Sri Lanka	7971	8108	8257	8417
Burkina Faso	4284	4324	4367	4413
Mali	4708	4759	4811	4865
Romania	16236	16513	16765	17006
Malawi	2954	3012	3072	3136
Chile	6599	6730	6870	7016
Kazakhstan	6703	6812	7007	7269
Zambia	2310	2369	2431	2498
Guatemala	3115	3212	3312	3413
Ecuador	3470	3561	3655	3752
Syrian Arab Republic	3413	3499	3591	3691
Netherlands	10042	10168	10298	10432
Senegal	2487	2545	2607	2671
Cambodia	4433	4538	4656	4783
Chad	2502	2544	2589	2636
Somalia	2264	2308	2352	2397
Zimbabwe	2747	2832	2922	3016
Guinea	3013	3054	3096	3138
Rwanda	2186	2251	2314	2380
Benin	2255	2258	2265	2274
Burundi	2309	2360	2406	2449
Tunisia	3605	3696	3773	3838
Bolivia (Plurinational State of)	3082	3124	3171	3221
Belgium	8638	8680	8728	8779
Haiti	3221	3274	3330	3389
Cuba	5920	6050	6179	6304
South Sudan	2482	2502	2525	2553
Dominican Republic	2365	2439	2518	2601
Czechia	8903	9007	9110	9206
Greece	7669	7743	7814	7883
Jordan	481	536	576	610
Portugal	8417	8419	8452	8503
Azerbaijan	2928	2987	3060	3143
Sweden	7010	7073	7128	7176
Honduras	1547	1589	1632	1677
United Arab Emirates	70	67	69	73
Hungary	9338	9481	9598	9693
Tajikistan	1532	1585	1638	1690
Belarus	7745	7699	7677	7680
Austria	6936	6931	6931	6935
Papua New Guinea	2002	2011	2024	2041
Serbia	6732	6853	6963	7063
Israel	1258	1345	1436	1525
Switzerland	4668	4722	4781	4842
Togo	1395	1425	1442	1452
Sierra Leone	2041	2064	2088	2113
Hong Kong SAR	1974	2058	2150	2251
Lao People's Democratic Republic	1683	1723	1764	1806
Paraguay	1473	1512	1551	1591
Bulgaria	7251	7311	7372	7435
Libya	1125	1143	1164	1188
Lebanon	1335	1358	1393	1435
Nicaragua	1295	1332	1372	1415
Kyrgyzstan	1740	1766	1795	1828
El Salvador	2200	2238	2280	2327
Turkmenistan	1211	1232	1258	1290
Singapore	1022	1068	1120	1178
Denmark	4268	4309	4346	4380
Finland	4008	4050	4097	4144
Congo	827	842	858	875
Slovakia	3437	3511	3588	3665
Norway	3265	3301	3334	3367
Oman	456	462	469	477
State of Palestine	932	924	932	949
Costa Rica	946	972	1002	1036
Liberia	930	944	959	975
Ireland	2913	2913	2909	2901
Central African Republic	1327	1342	1356	1371
New Zealand	1908	1948	1993	2040
Mauritania	651	667	683	700
Panama	860	881	904	929
Kuwait	153	158	163	168
Croatia	3850	3886	3923	3959
Republic of Moldova	2341	2381	2432	2491
Georgia	3527	3556	3589	3626
Eritrea	822	835	849	865
Uruguay	2239	2261	2286	2313
Bosnia and Herzegovina	2661	2711	2765	2821
Mongolia	780	794	808	823
Armenia	1354	1382	1418	1461
Jamaica	1403	1437	1468	1496
Qatar	25	27	30	32
Albania	1263	1287	1316	1348
Puerto Rico	2218	2194	2183	2182
Lithuania	2567	2570	2578	2591
Namibia	514	524	534	545
Gambia	305	309	314	318
Botswana	413	424	435	445
Gabon	473	476	479	481
Lesotho	705	717	729	741
North Macedonia	1254	1290	1321	1347
Slovenia	1473	1482	1492	1503
Guinea-Bissau	535	544	553	560
Latvia	1927	1934	1946	1962
Bahrain	116	117	120	123
Equatorial Guinea	226	231	234	236
Trinidad and Tobago	646	659	676	695
Estonia	1101	1113	1125	1137
Timor-Leste	415	419	423	428
Mauritius	493	506	521	537
Cyprus	494	500	507	513
Eswatini	273	279	285	291
Djibouti	62	63	65	66
Fiji	289	296	305	314
Réunion	248	259	268	277
Comoros	159	163	167	170
Guyana	407	419	433	448
Bhutan	177	181	185	189
Solomon Islands	90	92	94	97
Macao SAR	196	200	201	199
Montenegro	395	401	411	422
Luxembourg	296	298	300	302
Western Sahara	14	16	18	19
Suriname	215	222	229	236
Cabo Verde	178	186	191	195
Maldives	74	74	75	76
Malta	312	312	313	313
Brunei Darussalam	48	51	54	57
Guadeloupe	210	213	218	223
Belize	69	71	73	76
Bahamas	79	80	81	83
Martinique	222	224	228	233
Iceland	143	145	148	151
Vanuatu	48	49	50	52
French Guiana	25	26	27	27
Barbados	211	216	220	223
New Caledonia	65	64	64	65
French Polynesia	60	62	64	66
Mayotte	15	16	16	17
Sao Tome and Principe	60	59	59	58
Samoa	82	84	87	89
Saint Lucia	83	84	85	85
Channel Islands	102	103	104	104
Guam	60	60	61	61
Curaçao	100	105	108	112
Kiribati	33	34	34	35
Micronesia (Fed. States of)	32	33	35	36
Grenada	77	77	77	78
Saint Vincent and the Grenadines	67	68	69	71
Aruba	38	38	39	40
Tonga	47	49	51	53
United States Virgin Islands	27	27	28	29
Seychelles	36	37	37	38
Antigua and Barbuda	46	47	47	48
Isle of Man	55	55	55	54
Andorra	6	7	7	8
Dominica	51	52	52	53
Cayman Islands	6	6	6	6
Bermuda	37	38	38	39
Marshall Islands	13	13	13	14
Northern Mariana Islands	7	7	7	7
Greenland	23	23	24	24
American Samoa	19	19	20	20
Saint Kitts and Nevis	46	46	46	47
Faroe Islands	32	32	32	32
Sint Maarten (Dutch part)	1	2	2	2
Monaco	20	19	19	19
Turks and Caicos Islands	5	5	5	5
Saint Martin (French part)	3	3	3	3
Liechtenstein	14	14	14	14
San Marino	13	13	13	13
Gibraltar	22	22	22	23
British Virgin Islands	7	8	8	8
Sint Eustatius and Saba	7	7	7	8
Palau	7	7	8	8
Cook Islands	15	15	16	16
Anguilla	5	5	5	6
Tuvalu	5	5	5	5
Wallis and Futuna Islands	7	7	7	7
Nauru	3	3	4	4
Saint Barthélemy	2	2	2	2
Saint Helena	5	5	5	5
Saint Pierre and Miquelon	5	5	5	5
Montserrat	14	14	14	15
Falkland Islands (Malvinas)	2	2	2	2
Niue	5	5	5	5
Tokelau	2	2	1	2
Holy See	1	1	1	1
